6469 1521740851 1521879598 0.0 2018-03-22 17:47:31 0.00
6570 1523962453 1523989175 0.261981 2018-04-17 10:54:13 0.04
6573 1524004169 1524028223 0.139169 2018-04-17 22:29:29 0.02
6574 1524083285 1524124898 1.521951 2018-04-18 20:28:05 0.13
6579 1524176557 1524219478 13.620438 2018-04-19 22:22:37 1.14
6583 1524246502 1524267600 5.846875 2018-04-20 17:48:22 0.99
6584 1524276259 1524300908 9.3543 2018-04-21 02:04:19 1.38
6592 1524345345 1524355806 0.355705 2018-04-21 21:15:45 0.12
6594 1524382161 1524415424 63.246477 2018-04-22 07:29:21 6.87
6595 1524428091 1524460760 39.048039 2018-04-22 20:14:51 4.29
6611 1524602126 1524640093 63.216891 2018-04-24 20:35:26 6.02
6612 1524658618 1524689560 115.591742 2018-04-25 12:16:58 13.44
6613 1524698631 1524700236 7.243028 2018-04-25 23:23:51 18.11
6614 1524707192 1524726401 81.993586 2018-04-26 01:46:32 15.47
6615 1524765245 1524783892 78.084328 2018-04-26 17:54:05 15.02
6616 1524797054 1524827918 181.210906 2018-04-27 02:44:14 21.07
6617 1524840039 1524871281 181.601438 2018-04-27 14:40:39 20.87
6618 1524884712 1524899323 95.033953 2018-04-28 03:05:12 23.18
6620 1524943887 1524962331 155.532438 2018-04-28 19:31:27 30.50
6621 1524971819 1525008974 264.780375 2018-04-29 03:16:59 25.71
6624 1525045974 1525086289 260.265422 2018-04-29 23:52:54 23.24
6628 1525115247 1525158530 354.57275 2018-04-30 19:07:27 29.55
6629 1525169252 1525207388 392.047469 2018-05-01 10:07:32 36.99
6633 1525234130 1525236921 37.620027 2018-05-02 04:08:50 47.03
6636 1525254103 1525263534 124.310156 2018-05-02 09:41:43 47.81
6638 1525296632 1525348271 509.694094 2018-05-02 21:30:32 35.64
6639 1525359453 1525402189 459.783063 2018-05-03 14:57:33 38.64
6640 1525421240 1525454194 332.321938 2018-05-04 08:07:20 36.12
6641 1525462450 1525487926 364.970031 2018-05-04 19:34:10 51.40
6642 1525496828 1525510757 214.712953 2018-05-05 05:07:08 55.05
6643 1525521408 1525522861 25.724361 2018-05-05 11:56:48 64.31
6645 1525535239 1525541678 116.952133 2018-05-05 15:47:19 64.97
6646 1525573157 1525580081 123.693188 2018-05-06 02:19:17 65.10
6648 1525604758 1525651992 520.491125 2018-05-06 11:05:58 39.73
6650 1525676046 1525698662 317.617781 2018-05-07 06:54:06 50.42
6654 1525727897 1525754307 354.171188 2018-05-07 21:18:17 48.52
6659 1525822334 1525844870 304.994594 2018-05-08 23:32:14 48.41
6662 1525898781 1525948385 523.000563 2018-05-09 20:46:21 37.90
6663 1525956290 1525965021 141.903859 2018-05-10 12:44:50 59.13
6666 1525986795 1526034158 501.290531 2018-05-10 21:13:15 37.98
6672 1526057666 1526076163 259.589859 2018-05-11 16:54:26 50.90
6674 1526093946 1526144071 554.46225 2018-05-12 02:59:06 39.89
6675 1526151257 1526200415 597.683188 2018-05-12 18:54:17 43.63
6677 1526212597 1526261188 575.768875 2018-05-13 11:56:37 42.65
6681 1526277076 1526327577 552.451938 2018-05-14 05:51:16 39.46
6683 1526343768 1526345862 32.318881 2018-05-15 00:22:48 53.86
6688 1526404412 1526421119 93.836313 2018-05-15 17:13:32 20.40
6690 1526435698 1526467461 204.326828 2018-05-16 01:54:58 23.22
6692 1526489278 1526489842 4.584359 2018-05-16 16:47:58 22.92
6693 1526498117 1526533552 342.612406 2018-05-16 19:15:17 34.96
6694 1526543249 1526577469 396.358313 2018-05-17 07:47:29 41.72
6696 1526602989 1526634010 402.095969 2018-05-18 00:23:09 46.76
6699 1526675668 1526686948 0.587402 2018-05-18 20:34:28 0.19
6700 1526696044 1526741131 492.9605 2018-05-19 02:14:04 39.44
6702 1526763267 1526775230 189.462641 2018-05-19 20:54:27 57.41
6706 1526802664 1526815587 83.81132 2018-05-20 07:51:04 23.28
6709 1526846346 1526880747 436.584344 2018-05-20 19:59:06 45.48
6710 1526903064 1526932340 383.840438 2018-05-21 11:44:24 47.39
6711 1526951381 1526999110 490.578688 2018-05-22 01:09:41 36.89
6712 1527007311 1527044856 456.295906 2018-05-22 16:41:51 43.87
6714 1527054543 1527104878 558.209063 2018-05-23 05:49:03 39.87
6719 1527203763 1527232711 390.575406 2018-05-24 23:16:03 48.82
6724 1527269345 1527272912 45.030172 2018-05-25 17:29:05 45.03
6729 1527344670 1527386780 495.024063 2018-05-26 14:24:30 42.31
6731 1527451396 1527462447 172.515609 2018-05-27 20:03:16 55.65
6733 1527478311 1527498531 272.761063 2018-05-28 03:31:51 48.71
6737 1527539973 1527540651 8.86544 2018-05-28 20:39:33 44.33
6738 1527549197 1527592726 496.754813 2018-05-28 23:13:17 41.05
6740 1527662002 1527662005 0.0 2018-05-30 06:33:22 0.00
6741 1527671672 1527703990 407.910875 2018-05-30 09:14:32 45.32
6744 1527734478 1527746755 181.858141 2018-05-31 02:41:18 53.49
6747 1527786605 1527797638 67.536141 2018-05-31 17:10:05 21.79
6749 1527821536 1527870735 541.71275 2018-06-01 02:52:16 39.54
6751 1527882085 1527928217 518.813 2018-06-01 19:41:25 40.53
6752 1527936434 1527951628 234.444172 2018-06-02 10:47:14 55.82
6755 1528043590 1528046894 54.666043 2018-06-03 16:33:10 60.74
6757 1528082458 1528128551 500.886813 2018-06-04 03:20:58 39.13
6759 1528152455 1528198398 500.609125 2018-06-04 22:47:35 39.11
6761 1528222370 1528261025 438.952906 2018-06-05 18:12:50 41.02
6762 1528280599 1528309121 358.864656 2018-06-06 10:23:19 45.43
6763 1528325463 1528359282 449.012563 2018-06-06 22:51:03 47.77
6768 1528441603 1528448498 112.190383 2018-06-08 07:06:43 59.05
6770 1528490655 1528537722 527.249563 2018-06-08 20:44:15 40.25
6772 1528552002 1528603454 529.269438 2018-06-09 13:46:42 37.01
6773 1528612017 1528659563 487.216219 2018-06-10 06:26:57 36.91
6774 1528667736 1528718558 543.408625 2018-06-10 21:55:36 38.54
6776 1528733834 1528741389 118.717242 2018-06-11 16:17:14 56.53
6778 1528761576 1528776891 231.946547 2018-06-11 23:59:36 53.94
6843 1529954742 1529960118 0.082747 2018-06-25 19:25:42 0.06
6847 1529996149 1530013999 16.544756 2018-06-26 06:55:49 3.31
6850 1530040417 1530054266 46.403848 2018-06-26 19:13:37 12.21
6854 1530133008 1530144877 76.478906 2018-06-27 20:56:48 23.18
6858 1530167358 1530169074 13.853109 2018-06-28 06:29:18 27.71
6860 1530200980 1530233451 399.973125 2018-06-28 15:49:40 44.44
6864 1530292052 1530327611 0.160641 2018-06-29 17:07:32 0.02
6868 1530352365 1530431184 0.43727 2018-06-30 09:52:45 0.02
6874 1530487594 1530488621 17.041838 2018-07-01 23:26:34 56.81
6877 1530519030 1530527783 0.027972 2018-07-02 08:10:30 0.01
6879 1530542850 1530552655 0.081716 2018-07-02 14:47:30 0.03
6881 1530594494 1530617331 0.392118 2018-07-03 05:08:14 0.06
6882 1530633254 1530687256 0.769311 2018-07-03 15:54:14 0.05
6884 1530699643 1530707698 0.09925 2018-07-04 10:20:43 0.05
6885 1530735200 1530742823 0.183182 2018-07-04 20:13:20 0.09
6890 1530792543 1530874878 2.386533 2018-07-05 12:09:03 0.10
6891 1530887002 1530913819 0.866434 2018-07-06 14:23:22 0.12
6892 1530924123 1530964941 1.309425 2018-07-07 00:42:03 0.12
6901 1531015488 1531066813 229.715688 2018-07-08 02:04:48 16.06
6904 1531079529 1531099273 276.640188 2018-07-08 19:52:09 50.30
6909 1531169917 1531278151 602.48475 2018-07-09 20:58:37 20.02
6911 1531300173 1531337646 159.464906 2018-07-11 09:09:33 15.33
6912 1531347989 1531396321 613.249813 2018-07-11 22:26:29 45.76
6913 1531413563 1531421993 0.318346 2018-07-12 16:39:23 0.14
6919 1531456941 1531530023 793.846313 2018-07-13 04:42:21 39.11
6921 1531577076 1531581600 70.598672 2018-07-14 14:04:36 54.31
6923 1531594267 1531628813 405.403375 2018-07-14 18:51:07 42.23
6924 1531639378 1531657456 233.953094 2018-07-15 07:22:58 46.79
6925 1531667944 1531674068 95.368063 2018-07-15 15:19:04 56.10
6927 1531693605 1531694756 17.144955 2018-07-15 22:26:45 57.15
6929 1531707379 1531725398 100.109945 2018-07-16 02:16:19 20.02
6931 1531755482 1531800512 486.257625 2018-07-16 15:38:02 38.90
6939 1531866415 1531878740 72.207516 2018-07-17 22:26:55 21.24
6940 1531886480 1531912506 342.275219 2018-07-18 04:01:20 47.54
6942 1531967898 1532006358 454.201156 2018-07-19 02:38:18 42.45
6944 1532030319 1532037677 114.989836 2018-07-19 19:58:39 57.49
6946 1532054677 1532058647 65.643195 2018-07-20 02:44:37 59.68
6953 1532101668 1532150102 529.348688 2018-07-20 15:47:48 39.21
6956 1532161002 1532200630 454.318188 2018-07-21 08:16:42 41.30
6957 1532208715 1532232551 308.560375 2018-07-21 21:31:55 46.75
6960 1532243266 1532276137 408.006156 2018-07-22 07:07:46 44.84
6961 1532284287 1532318966 424.515125 2018-07-22 18:31:27 44.22
6966 1532385445 1532391687 0.216105 2018-07-23 22:37:25 0.13
6998 1532939270 1532947728 0.036224 2018-07-30 08:27:50 0.02
7003 1533003691 1533021001 0.162932 2018-07-31 02:21:31 0.03
7005 1533090717 1533125703 98.904867 2018-08-01 02:31:57 10.20
7006 1533136989 1533151017 156.31675 2018-08-01 15:23:09 40.08
7008 1533177837 1533182659 69.475672 2018-08-02 02:43:57 53.44
7013 1533220604 1533228436 116.857844 2018-08-02 14:36:44 53.12
7017 1533281214 1533328379 432.565125 2018-08-03 07:26:54 33.02
7018 1533340599 1533390526 452.571281 2018-08-03 23:56:39 32.56
7020 1533403813 1533426350 290.402813 2018-08-04 17:30:13 46.10
7024 1533451630 1533493067 441.833969 2018-08-05 06:47:10 38.42
7026 1533508661 1533518147 148.129125 2018-08-05 22:37:41 56.97
7031 1533546692 1533596847 506.549188 2018-08-06 09:11:32 36.44
7033 1533612506 1533647890 357.565969 2018-08-07 03:28:26 36.49
7035 1533657089 1533659477 38.991867 2018-08-07 15:51:29 55.70
7036 1533670081 1533683530 78.040563 2018-08-07 19:28:01 21.09
7037 1533692800 1533741406 453.684281 2018-08-08 01:46:40 33.61
7039 1533784609 1533828743 473.820938 2018-08-09 03:16:49 38.52
7040 1533838841 1533876963 395.401344 2018-08-09 18:20:41 37.30
7042 1533913903 1533961049 514.487813 2018-08-10 15:11:43 39.27
